0	
0	0	
0	0	0	
0	0	0	0	
-1163	-1163	-1163	168	265	
-1095	-1095	-927	333	486	21	
-1745	-1577	-317	534	448	1	-37	
-2207	-947	-96	534	1	1	-37	-72	
-2225	-1374	-744	-114	-647	-647	-792	-72	0	
-2724	-2094	-1464	-834	-1367	-682	-792	-72	0	0	
-3444	-2814	-2184	-1554	-1402	-682	-792	-72	0	0	0	
-4164	-3534	-2904	-1589	-1402	-682	-792	-72	0	0	0	0	
-4884	-4254	-2939	-1589	-1402	-682	-792	-72	0	0	0	0	0	

0	
0	0	
0	0	0	
0	0	0	0	
-1163	-1163	-1163	-1163	70	
-1095	-1095	-1095	70	235	437	
-999	-999	-929	331	485	399	30	
-1697	-1627	-367	533	485	20	-38	-758	
-2257	-997	-97	533	-163	-628	-38	-72	-182	
-2165	-1265	-635	-5	-538	-538	-792	-72	-182	0	
-2615	-1985	-1355	-725	-1258	-682	-792	-72	-182	0	0	
-3335	-2705	-2075	-1445	-1402	-682	-792	-72	-182	0	0	0	
-4055	-3425	-2795	-1589	-1402	-682	-792	-72	-182	0	0	0	0	

0	
0	0	
0	0	0	
0	0	0	0	
-1163	-1163	-1163	-1163	-1163	
-1095	-1095	-1095	-1095	-1095	-1095	
-999	-999	-999	-999	-999	-607	-327	
-1697	-1697	-1697	-1697	-25	341	303	-417	
-805	-805	-805	333	166	166	128	-592	-1312	
-1600	-1600	-462	534	1	1	-37	-757	-1121	-1121	
-2230	-1092	-96	534	1	1	-37	-401	-401	-401	-401	
-2041	-1045	-415	215	-318	-318	-2300	-1580	-1508	-1121	-401	-1508	
-2395	-1765	-1135	-505	-1038	-682	-2300	-1580	-1508	-1121	-401	-1508	-1508	

0	
0	0	
0	0	0	
0	0	0	0	
-1163	-1163	-1163	-1163	-1163	
-1095	-1095	-1095	-1095	-1095	-1095	
-999	-999	-999	-999	-999	-999	-1745	
-1697	-1697	-1697	-1697	-1163	-1095	-801	-338	
-805	-805	-805	-805	-805	-849	-424	-513	-1161	
-1600	-1600	-1600	-1600	-219	244	206	-514	-1234	-1954	
-613	-613	-613	331	261	261	223	-497	-1217	-1800	-1800	
-1504	-1504	-560	533	-512	-977	-38	-758	-1341	-1341	-1341	-1341	
-2134	-1190	-97	533	-1232	-1697	-38	-621	-621	-621	-621	-621	-621	

